1.000000023899463505e-02
1.000001929336919761e-02
1.000000022296933765e-02
1.000007692952455986e-02
1.000002561086787804e-02
1.000727765843261244e-02
1.000000000000000021e-02
1.000000000000000021e-02
1.000008067427312144e-02
1.000002041933566350e-02
1.000000004213433095e-02
1.000151226703733902e-02
1.000134582035575731e-02
1.038992784880563361e-02
1.000043764692170808e-02
1.000192654993309511e-02
1.000004057745752101e-02
1.016349089365599020e-02
1.000729876809181018e-02
1.004234093824080479e-02
1.000000367598901166e-02
1.000000571261396021e-02
1.000003150869114774e-02
1.000001101396220254e-02
1.000000000000000021e-02
1.012896824985765748e-02
1.000033039262159147e-02
1.000000427235244425e-02
1.000000200496835821e-02
1.103315914611359243e-02
1.000305743467370424e-02
1.000001063082288540e-02
1.000181706802846099e-02
1.000000083564552694e-02
1.000052765824405165e-02
1.000075257044867258e-02
1.000131132273441616e-02
1.036711744062794073e-02
1.000000645775708102e-02
1.000000024126726159e-02
1.000177415592164859e-02
1.000027809120259022e-02
1.000000893227533452e-02
1.000000000838817925e-02
1.000532151551573878e-02
1.000000000000000021e-02
1.000000002509207966e-02
1.000000000000000021e-02
1.008335395018565214e-02
1.000000106359763552e-02
1.000034049231455884e-02
1.000000000631955967e-02
1.003538210370164517e-02
1.000000000000000021e-02
